10,245
10,21
10,171
10,161
10,157
10,119
10,299
11,17
11,13
11,11
11,5
11,9
11,7
9,5
8,9
8,16
8,18
8,15
21,3
21,2
21,1
21,0
12,3
12,2
12,1
11,26
11,24
11,20
11,18
11,14
11,6
11,3
11,2
11,1
10,300
10,228
10,210
10,120
10,98
10,82
10,66
10,3
10,2
10,1
9,7
9,6
9,4
9,3
20,2
20,1
9,2
20,3
9,1
8,17
8,14
8,13
8,11
8,8
8,7
8,5
8,3
19,2
19,1
8,2
19,3
8,1
7,13
7,12
7,11
7,10
7,9
7,8
7,7
7,6
7,5
7,4
7,1
6,7
6,6
6,5
6,4
6,1
4,88
4,87
4,86
4,85
4,84
4,83
4,82
4,81
4,80
4,79
4,78
4,77
4,76
4,75
4,74
4,73
4,72
4,71
4,70
4,69
4,68
4,67
4,66
4,65
4,64
4,40
4,39
4,38
4,37
18,1
4,36
18,3
14,1
4,35
14,3
13,1
4,34
13,3
